,Id,SalePrice
0,2658,114902.04038107867
1,2718,164432.722805456
2,2414,219621.2076365644
3,1989,121174.09128152381
4,625,173036.69589967973
5,333,101017.36377808709
6,1327,108204.25433176728
7,858,134681.1437883198
8,95,185233.54524660608
9,1568,168103.10063762142
10,2482,158090.92794807316
11,1364,131912.6410870923
12,2584,153193.4221164653
13,818,323177.0481882775
14,2673,144664.7500778443
15,2089,141456.09882670568
16,1297,157856.3713442208
17,790,112090.31476285608
18,2616,198900.45099592765
19,720,183051.96497055725
20,222,151840.02969888615
21,557,126131.68409508454
22,1148,184900.9206541211
23,2766,175269.9988384593
24,534,179474.9943383045
25,1452,116491.81562646064
26,630,124380.91848959765
27,2648,123159.51038890764
28,125,165938.2386958234
29,1904,66429.90053744958
30,1670,103175.61998323823
31,756,102567.67930912388
32,717,224404.89995113132
33,1032,156556.71035377297
34,852,206948.8397243183
35,1731,186205.11174560114
36,2639,110364.1318773215
37,2071,77189.72407561725
38,1267,118340.15730940815
39,1851,186487.9832766152
40,567,155894.4410548349
41,2439,212735.96933365372
42,1898,146889.54026531687
43,647,154849.3891652322
44,2256,207634.10168703468
45,979,109845.30878021939
46,1444,222986.00933173962
47,2485,118807.78067135498
48,157,125691.65868034595
49,88,122228.81096537905
50,2003,112706.62216702137
51,186,185343.37782742176
52,1425,257404.3259027981
53,2695,130400.39833203421
54,738,101045.28384415111
55,395,160028.70258945058
56,1353,160410.53611885695
57,1878,134646.46907659408
58,390,181687.83434000597
59,1456,240334.2566709067
60,1103,309466.4603594461
61,1387,128640.94376614197
62,2070,140131.39227030048
63,1199,173599.51396520383
64,2479,169787.04473689685
65,501,297172.7283588202
66,2362,98587.81448700362
67,1718,192029.71640578017
68,2188,86345.50970506728
69,1483,173787.56893227005
70,2557,99902.47961162278
71,437,377942.0541369303
72,2224,189057.62189416948
73,1628,191361.83583113368
74,397,124970.82954735533
75,587,185779.4923642407
76,971,140384.73844947474
77,2611,147775.9494888756
78,1887,100343.51372515796
79,2399,403352.35406187194
80,2148,202741.306633874
81,304,116329.98266574413
82,1997,121549.18966536473
83,2817,120994.90449545743
84,1431,197267.80557349976
85,427,335744.6706460467
86,263,122158.55712169132
87,598,167968.92508650222
88,2895,217813.97480445434
89,687,147142.75231286293
90,1822,132968.43251572273
91,2191,108735.51386492199
92,179,119310.23335830221
93,1009,217547.5055486303
94,2010,129031.91201865263
95,1991,126500.94276707331
96,1411,144502.27221107046
97,1721,240863.75973496702
98,1144,179371.1259466766
99,593,215729.3964128501
100,575,303702.2852887981
101,1249,169591.44866437445
102,1604,124036.81135234506
103,1064,526345.374744148
104,1923,160634.1587358849
105,1988,109754.97041275172
106,2325,179452.86925348846
107,114,190436.31175622615
108,2700,165274.92406631916
109,217,102458.9927120918
110,343,170657.07275044767
111,386,228456.61350746776
112,2005,117580.01650728809
113,2908,123977.56973822374
114,1814,246416.61342437254
115,2446,527074.606852948
116,208,137504.22173545184
117,1679,121318.73994544492
118,822,362787.5867349742
119,6,201868.11920461192
120,1781,427541.3352414411
121,2397,306045.64886095346
122,2340,306831.0889292757
123,1618,165840.71875035012
124,2843,111487.86031857469
125,1061,423760.2292143583
126,2786,130473.21216783406
127,1935,131525.48315903582
128,1341,119482.2761286954
129,521,284115.19062965247
130,2136,138579.80888737887
131,996,208882.1686593262
132,227,154096.50636058394
133,135,179623.46975284463
134,1167,152448.77512052303
135,294,188312.15975100742
136,1776,184878.9402532996
137,540,172253.1882968885
138,1717,193678.3877661755
139,2303,120278.66125426037
140,116,181595.97850861377
141,127,133562.03688806074
142,1371,141663.08402010423
143,1014,163712.74430584666
144,1507,100492.4219733971
145,702,140524.9291137493
146,750,146358.37045372237
147,261,146951.74135416426
148,1559,78234.06481519432
149,577,195917.1346736876
150,2812,201770.54771141792
151,2080,152740.44862300833
152,1368,116301.78375400789
153,2376,127672.96338320561
154,659,110549.36468372303
155,1235,120119.49005422462
156,332,97260.0140312586
157,1917,141326.43208656408
158,2094,254373.7564779041
159,1460,243427.2507101054
160,1471,207445.32417375557
161,1509,127300.37944462735
162,1922,128450.4849958898
163,433,572797.7448894077
164,460,290129.4993084831
165,1116,241577.15233806559
166,1137,163295.91583013284
167,53,181253.434681483
168,2354,245825.12240350415
169,1475,185693.80627858455
170,1761,746344.8157127334
171,842,133330.79777751176
172,2739,172872.9916906021
173,2509,169373.53316281844
174,1007,213241.0282653117
175,2610,182969.34373894572
176,1952,103544.13561465719
177,2719,166101.701937124
178,2921,100849.21170740976
179,1966,128547.86701355498
180,292,118053.57439840442
181,1204,199397.57797037798
182,1829,259758.1587324227
183,2419,196726.31604008327
184,391,155022.67720573285
185,798,112885.0610057043
186,481,209208.2225331327
187,193,177554.79977515372
188,555,122789.00392089535
189,899,75321.14699313592
190,2357,182288.07503547778
191,328,141428.56063251873
192,1356,108895.61544209515
193,1154,107809.25996368314
194,1730,179903.0455640022
195,2249,163494.58579853212
196,1119,265870.92869300063
197,2856,139219.85539461387
198,1394,132689.65331154445
199,2587,119485.98559547674
200,61,290484.28841361596
201,2661,177666.87549200116
202,2711,131902.2727902528
203,1147,184396.7321737739
204,757,138742.91680958009
205,2623,90314.34898595812
206,2378,157045.92112801343
207,1413,130997.7374560535
208,1722,238120.8847095953
209,1112,213751.3411716367
210,1623,190910.17369455786
211,1201,177627.5932417278
212,1513,115800.08162258881
213,957,254235.27143914785
214,1171,301950.3220538439
215,1145,191501.509720168
216,2726,201358.75846180215
217,703,166666.62656095985
218,760,92625.84532091986
219,1964,140668.56064221106
220,2512,178324.43260999638
221,159,149369.0761084633
222,1281,163233.35352479634
223,468,190173.47713142092
224,290,127816.85398066694
225,665,99767.4641445409
226,1463,255604.6220177142
227,1792,221698.0954430299
228,923,137794.8491774339
229,500,250560.1836749566
230,1408,145194.07780887673
231,331,91732.41588236635
232,170,120982.14064131565
233,2192,99818.62343863813
234,2571,293955.35790556687
235,2314,178045.95423610433
236,2647,91897.65813332553
237,422,472851.723652901
238,2457,365411.7442880634
239,1838,202156.9117099521
240,2805,254032.98641072828
241,1645,152334.4495856932
242,1711,318670.55149463465
243,2825,241798.36989047457
244,322,380266.85056396684
245,2103,263153.8091899142
246,342,122861.23050721979
247,600,113488.0447481659
248,488,186336.0750747088
249,1725,339087.1265075402
250,2246,264869.05510479637
251,2847,170210.97090275318
252,806,253968.97682573466
253,530,218539.51717736712
254,963,189004.3064407775
255,2678,93049.21861847279
256,171,89793.31430127757
257,2401,466514.504694119
258,805,223156.3985888652
259,2259,205760.38214365928
260,1748,201221.8290555947
261,1361,129444.50519755307
262,1677,127980.08957378635
263,1406,164056.27006497708
264,2322,243557.22786509624
265,688,148037.970867152
266,143,128914.42733395498
267,804,204121.75422179856
268,1214,162932.78373662592
269,2828,160917.93663682553
270,1999,191289.22680161372
271,2467,191955.14514243297
272,2665,146797.82624493947
273,1538,361807.83769600885
274,398,108602.73487510228
275,2822,122348.45745116942
276,2157,153896.78219280465
277,1856,171796.6996363614
278,1269,114701.49547983697
279,2570,115882.19222966462
280,2320,250783.65961142993
281,1517,108106.84381538411
282,2304,111621.87362182979
283,1312,113830.57275716128
284,2012,128973.87299429478
285,506,221322.4760450583
286,2865,160849.7333293973
287,2367,119234.86695419539
288,554,104292.9940497646
289,238,121541.76816841896
290,1954,114711.78620130788
291,2488,155596.8600261586
292,2291,106469.0014562397
293,1969,101320.78071212504
294,2725,154234.68756618383
295,1482,167089.61871261706
296,2763,199282.33189912105
297,503,226990.74899836438
298,1584,256399.82961285632
299,1531,131397.9703413217
300,2210,156054.55935580193
301,459,353106.7202514033
302,556,125819.38600567824
303,1347,120244.07984680547
304,1290,95424.6273378408
305,1388,104135.29324373182
306,1571,209292.5939186224
307,2754,206327.43208500906
308,765,139458.42994828522
309,2494,119858.9077599182
310,2870,178027.31779451735
311,7,215643.83743461256
312,1114,239266.45834595722
313,2418,293337.5810379523
314,291,113876.72860969875
315,18,360451.06347775407
316,39,401030.0783400568
317,1001,254493.05140246186
318,2442,229550.7457194367
319,616,122735.07484028065
320,2680,77861.11920436917
321,1414,103439.84431868614
322,289,119541.64336049993
323,40,253730.28829236963
324,860,130865.48723757177
325,409,147288.88945961496
326,673,137819.41668003442
327,2427,192802.59398244426
328,2036,215545.52852488204
329,2564,138701.50007357378
330,642,149344.0482734778
331,1008,169632.1599296574
332,1908,137325.4705515956
333,2519,240453.07364282294
334,1369,97630.88252758991
335,2855,144987.61318287946
336,712,94813.9328520404
337,1943,105770.81279970313
338,1958,125763.0285138985
339,107,189519.00130189722
340,2295,199186.2686927675
341,704,94003.36402162767
342,676,121998.25791790613
343,259,178776.1012412419
344,93,287661.8894732492
345,106,248978.9063747593
346,2315,180729.60831175116
347,1050,113378.10317452725
348,1095,216645.13553238043
349,2709,142561.61879196452
350,758,135452.18047608633
351,1496,164578.0101697013
352,2370,129531.23038934683
353,2458,278819.1251995649
354,2733,136768.0819778569
355,161,263909.14022315067
356,726,167362.3229553352
357,845,204741.33729758253
358,947,263453.2316945798
359,2232,106750.28493807813
360,2563,131104.92855457487
361,2299,121955.32915243578
362,211,91716.08731912251
363,605,149985.95886522814
364,1478,216029.6897694384
365,2247,263989.81165049877
366,2274,185170.4168501363
367,2869,178255.07713720697
368,967,212570.7257632417
369,2656,107832.79932400756
370,667,192778.61663946655
371,1042,126608.66579838248
372,2023,156033.41255110153
373,2447,424566.88005320553
374,2055,130564.26676422467
375,2275,288847.3306451216
376,2204,148400.68013028317
377,1563,271092.5758530628
378,483,213619.60335354944
379,796,126082.87313992599
380,1526,128491.18867958443
381,2042,135241.48960143566
382,442,379639.0902479316
383,1693,351377.31150434137
384,1468,212733.57580487782
385,1430,187918.18243960556
386,2605,164962.3930232987
387,1529,192101.80928479228
388,335,124540.09234383193
389,1287,126192.4300596436
390,31,108477.47847316146
391,1785,275439.57634644076
392,82,153639.50240762404
393,2620,116494.44806369123
394,252,206691.43289204998
395,721,83484.94120158421
396,2165,179436.56672978986
397,2316,185066.57030539276
398,775,130337.64239359213
399,1558,85486.8749515338
400,17,214973.91128113132
401,1022,210011.6690480931
402,925,116614.71136158281
403,438,287212.6054925022
404,1270,132505.34858713445
405,1272,115403.24117205
406,215,132105.67019243
407,266,222758.50280058803
408,2402,291946.0463484002
409,1250,118820.53850557398
410,1984,100335.13878198946
411,1279,139237.39055776232
412,377,245976.47721027877
413,1252,130218.85290015706
414,2156,256045.9481931411
415,499,305373.52600041236
416,1374,120848.12974565574
417,2898,217697.1178167183
418,401,111627.6442902374
419,2721,174860.39926263219
420,2078,227793.13968194608
421,2589,116832.65923284736
422,1946,187386.37019320234
423,1334,122211.74983285014
424,2781,235408.28747168515
425,431,447328.5739151047
426,576,228210.09712644535
427,1474,202390.59016736798
428,2254,140775.69149089657
429,2155,302457.7937808094
430,885,121509.66939576279
431,643,131253.56325725582
432,1944,124709.86446509007
433,480,212400.75363971828
434,2845,109025.37649890222
435,2387,331981.6331507211
436,2407,212878.7811604649
437,2527,160159.50628930854
438,2514,173405.2243666964
439,629,166901.97159679825
440,80,212514.02720089493
441,1876,135729.794856783
442,1546,129213.46322089323
443,2518,162917.22451983264
444,2347,164527.08512692727
445,783,208188.77795540035
446,1322,62895.22217930427
447,194,85712.14701087968
448,1770,268175.9813013655
449,2143,150512.88483549756
450,1229,213867.22142373116
451,511,272889.5739421695
452,46,231657.56061152674
453,1348,166208.4128250885
454,2465,191016.94215304707
455,387,238422.4569830904
456,873,211314.59213064067
457,1918,112250.86057918804
458,2764,254391.04887336376
459,2184,114004.93956094862
460,934,158803.6889691052
461,1920,131530.70057080497
462,2631,151086.11013069146
463,1768,698039.49810719
464,2040,117751.22084383541
465,1749,223623.4437257789
466,834,216580.3151977523
467,1457,222603.07884155805
468,79,124787.6082543473
469,2302,123589.02381630632
470,1817,144544.58631966036
471,2755,234169.4712821504
472,359,182609.08712785662
473,2059,119884.77572333219
474,2092,241532.47804049094
475,2516,231978.69530149893
476,150,98035.56575880994
477,1656,148684.60745371555
478,83,96499.77405098136
479,2411,181720.14709617925
480,795,92811.36197240438
481,2312,222294.01915165986
482,2917,116891.09513262051
483,1624,180223.06629190128
484,2215,287259.6795464543
485,1211,149292.46111516887
486,1485,172176.54766812696
487,1024,160707.15407763358
488,570,179302.85536156897
489,2874,139815.8907481649
490,700,125822.47857879836
491,2756,213847.63031870738
492,2022,163848.8965934412
493,583,228720.02428453477
494,2392,421496.5444859227
495,2424,198183.00695528867
496,212,85262.94524200697
497,736,119182.44393580017
498,1610,178432.00927119446
499,890,110000.65534224937
500,467,187769.49779100934
501,578,227230.12709998954
502,1747,201283.02165815557
503,1149,162989.4995981421
504,2758,221604.05507632514
505,857,129948.59471139348
506,2219,256889.54885445756
507,733,100165.1069215142
508,2909,125859.91044436494
509,1798,268664.5711710563
510,235,111537.36702597409
511,2366,142168.60277849797
512,1027,129391.5571581546
513,1195,133698.9088577624
514,1303,62349.38007686104
515,148,170194.7256687059
516,608,149355.06380874623
517,2515,186534.80264380114
518,821,304289.78239138477
519,2500,253707.4161841415
520,745,106769.28193904107
521,741,109764.41627317364
522,1611,119985.13638019342
523,2532,123595.57473671818
524,1081,242202.75784938762
525,1692,476910.94012345443
526,2520,202995.20113885897
527,276,116819.92102393806
528,1992,130683.8297878457
529,663,58519.03359367184
530,418,137183.45834112156
531,1733,198601.9408413904
532,2359,146993.6072140887
533,253,180128.2721955395
534,1518,169353.90588233861
535,2035,129763.32018809035
536,2919,92075.91538571913
537,1540,233208.87501557803
538,2120,136163.8048528202
539,1674,183408.1313363828
540,256,146581.53917672456
541,2361,101521.83848138823
542,978,94881.20928247055
543,2280,151160.49853591248
544,2095,211014.78002674674
545,1709,342467.335976813
546,2801,243025.56470573583
547,1246,109524.68228649459
548,2373,123495.16552713371
549,1055,270470.198156101
550,2017,114635.92462592926
551,1099,237769.621628877
552,1344,112404.64856870679
553,835,171780.89393231343
554,1117,214609.98017239943
555,2043,97704.66272495729
556,2085,123222.43420497183
557,410,158354.4411584075
558,2650,106888.84141951964
559,2867,165338.06268366994
560,1668,116069.9475083166
561,1161,178075.36990785794
562,2122,171307.3039836996
563,2539,125337.79396691703
564,1047,141610.82568418403
565,1445,118908.43784821943
566,541,125127.52917198426
567,569,192995.48577193776
568,1276,127777.25821592996
569,918,143279.2177065564
570,326,157317.36505110087
571,1936,121007.38601714582
572,895,97715.14345680516
573,257,136849.8178677521
574,1241,186362.9932945526
575,1545,113739.68535658708
576,1189,172914.1183243457
577,270,158432.17180245553
578,2066,178236.02524013445
579,693,119185.44544321731
580,1259,139163.25758168328
581,2916,144110.48133594226
582,2321,270638.31239325285
583,1977,100143.69210717757
584,1895,148028.0594234043
585,1240,162634.02217698857
586,85,149742.7514093788
587,1823,107693.68580457848
588,825,294536.03752228443
589,110,218215.31206240098
590,697,127356.207872229
591,2297,106696.34969606643
592,1231,127790.37909318197
593,1355,130039.75420726386
594,968,356465.2204168894
595,584,236074.08399260585
596,1315,111369.53681817107
597,1606,137324.81913225577
598,206,106785.1904142711
599,1685,382522.674863101
600,2016,124935.18883669392
601,869,201449.7463632009
602,2135,128074.79054283502
603,2346,173653.574611717
604,2430,239424.76493220584
605,2198,93505.87129572242
606,2652,119806.96478262094
607,27,113906.34476816436
608,241,175977.26747036737
609,906,128373.84678440866
610,1506,124229.63257758369
611,2098,363482.1706732653
612,1435,236749.14460155985
613,2213,136769.2843407316
614,1274,139674.57120501128
615,743,51080.525758298834
616,1737,202818.7400276826
617,2797,290860.8442428349
618,2185,82425.6498701485
619,58,196010.05474478402
620,830,193218.55121393816
621,808,122575.31151796546
622,680,149507.4377568717
623,1153,119751.95878147149
624,1291,131079.0395842097
625,1818,147924.58677849607
626,2161,196512.76503659913
627,1883,125715.5077080185
628,350,341993.9651478747
629,2473,141695.75896702992
630,295,165692.98971733364
631,293,188299.42614215077
632,859,130292.03833998938
633,288,75402.59839177153
634,1578,146594.0956423767
635,102,161319.4804367568
636,2831,162770.03289092515
637,1030,156787.34020403336
638,2551,127161.91833118789
639,1286,146372.09087759582
640,958,356028.7027984268
641,776,128908.47229545115
642,72,203982.36854786586
643,2263,274872.55201824714
644,1866,156589.68669861904
645,2876,74402.87293033862
646,2146,249350.9891656519
647,103,177931.76185247905
648,1500,163351.9564735927
649,492,180507.84857511672
650,167,141450.5488751316
651,2597,125895.20800408209
652,2685,101324.8831969523
653,1035,141700.1550880609
654,1220,81565.08357445961
655,2602,150956.4213875848
656,2159,210766.64365511786
657,695,162656.30064915484
658,1109,248429.32747461065
659,640,165308.3578472031
660,1652,154886.4762188005
661,2090,184701.00999660193
662,1188,180164.99886854354
663,2345,235418.27459200766
664,1059,469128.51533365715
665,2751,235964.6070629538
666,128,189704.00575819373
667,1523,165375.53844821197
668,2925,167583.68747449561
669,2145,275882.15693909145
670,1121,217748.48984708518
671,566,272765.8956917592
672,565,215987.92852782234
673,1331,117097.74067990496
674,2928,114501.56477230342
675,156,133509.32774574807
676,797,148775.24330619958
677,327,107441.90872401616
678,2859,136001.89276433087
679,1453,120227.78225934603
680,1762,341502.509260227
681,1868,211936.219502221
682,1760,189341.37889064517
683,1113,258317.50991911438
684,1812,187928.08980659733
685,117,154160.3006004583
686,1142,207098.9099140878
687,2342,415395.4493689035
688,927,116929.39096858475
689,2478,180632.11331011166
690,655,86684.65118708159
691,2064,122330.7409486549
692,369,237581.85015893122
693,2239,111727.21149271466
694,2732,221451.62484253597
695,1653,156758.72485963747
696,959,215225.54202762045
697,2395,386688.60542957386
698,1412,110718.99343588999
699,271,243752.96716182883
700,1484,166531.2399565175
701,1497,140870.4319130441
702,552,158348.54650837881
703,2,112195.13423533857
704,1855,281197.250580414
705,4,272786.4649653452
706,2292,166511.33974651305
707,134,129817.77404077999
708,646,98078.03887043164
709,42,333541.48905673163
710,532,232853.75944633453
711,713,100100.62538753351
712,2561,126196.54913995907
713,2360,143087.52507796107
714,1333,134645.4314825584
715,1407,181222.78882077592
716,2892,290215.12431291165
717,574,218257.70288642912
718,1227,184013.7580607299
719,2591,230166.81583246824
720,1476,203311.23664804662
721,1125,246779.05159115235
722,1446,121119.87706181966
723,408,117417.2138930885
724,1101,295316.27789202
725,2251,180014.98947829814
726,373,187459.01876898317
727,2554,119475.51938401535
728,2382,265718.0059936728
729,1985,86205.90361642529
730,519,224915.81940546064
731,1093,186975.1736577875
732,864,261540.37656558928
733,2889,148176.61944326462
734,2308,174697.75363364018
735,986,136024.349632617
736,1302,148157.86687576142
737,585,159862.19771344762
738,2708,146462.33339549482
739,147,132622.880624959
740,1441,230519.2740768591
741,383,178572.3694528018
742,285,149852.54542106524
743,181,101910.61009602046
744,358,166722.1187808642
745,780,153114.9885079793
746,258,208201.65247967013
747,1865,191885.7520211801
748,692,134799.35415065754
749,2902,355675.6075369552
750,508,250114.7153264315
751,2638,120752.63737671332
752,36,156854.56764258372
753,611,178802.54862511315
754,2281,123250.48699160315
755,1678,148278.90399915862
756,1696,496234.9795941722
757,1557,98407.76718391042
758,2180,146674.11951705936
759,1726,231293.0282194294
760,951,150918.6721059248
761,267,222568.1936724428
762,2706,131155.8507738906
763,2221,224540.29522243363
764,1357,154750.5923532133
765,2901,319106.0720296799
766,347,188094.29576469524
767,2164,194477.43739170313
768,1586,319296.29160958546
769,360,164300.53272612658
770,1769,231292.1184195183
771,2617,154136.41664196266
772,1879,139753.55153251826
773,991,220560.4991450454
774,1535,106308.91919206137
775,1191,147244.34239927673
776,1579,209095.86464905614
777,1882,143809.2768349557
778,1510,116928.7912714948
779,2196,137606.83842841248
780,1845,170881.8069486434
781,2336,406818.6904507931
782,942,107894.5877193645
783,861,125537.69931101864
784,2555,102949.9759322562
785,1392,136820.8052554212
786,2099,252516.09903587846
787,1543,139740.21944144604
788,948,258412.25051707585
789,1239,151766.9734119905
790,22,201299.47482674
791,2796,210938.77183964744
792,2747,169828.60259214338
793,92,279876.9340296892
794,210,156321.6399465575
795,1858,234185.43147200719
796,2228,192613.9306379086
797,447,211021.10531942034
798,827,223991.76378090767
799,1649,206777.98892720422
800,682,122084.44081139426
801,2698,107549.33748150157
802,494,191923.77266958088
803,214,103167.86428675421
804,2441,248613.33567268838
805,2679,98484.20247647414
806,1336,122631.39963995994
807,465,194865.27128558405
808,1524,120894.34330930954
809,2543,115080.30178839654
810,631,122574.71379911705
811,2452,308973.5351430281
812,228,168035.95195369644
813,126,152169.9116693518
814,1092,227828.43442702192
815,1122,195136.729915446
816,932,182889.05097715792
817,1980,90038.78681380546
818,2171,106047.76774041988
819,551,153020.9608368427
820,2768,167569.2468540356
821,2056,116746.59427420353
822,1159,345963.3977066865
823,2645,106425.58737847202
824,1174,175932.7456960729
825,2266,225297.02146029525
826,2462,441864.8543222966
827,1219,148365.08899873483
828,2922,187717.04122595006
829,118,131572.17944861195
830,474,186048.14549641102
831,2576,140914.31533671074
832,872,287098.5822461816
833,1077,231341.85679563912
834,1536,140277.1060941965
835,1150,120480.62905456564
836,2341,340218.76871689665
837,1931,155997.98171107328
838,2785,130110.7144980235
839,2538,126867.65843671667
840,597,208790.94873817638
841,464,214941.393260506
842,233,204194.58118298248
843,2169,133691.99422673145
844,2123,175860.48068797658
845,1867,152416.17401465905
846,137,243572.3012877859
847,515,232964.35811356685
848,933,138990.02106974472
849,2784,168639.0388505885
850,972,162735.3009732438
851,599,154990.90149918842
852,2614,129835.35725458016
853,2582,152441.39593965746
854,1409,145858.68518166398
855,175,96081.88150686763
856,352,220663.8473836372
857,976,103928.29910075215
858,2134,194175.56682440577
859,984,118645.6977710805
860,2396,464161.96618695644
861,1673,152024.11997068473
862,404,129050.68838110151
863,607,154970.18865442107
864,814,156462.9258580618
865,868,192162.5158794602
866,2271,183385.32550955273
867,1633,231769.8588606605
868,337,177073.13693438805
869,2765,153512.3313642885
870,1746,261405.65590256147
871,368,294575.7692455879
872,2806,202128.40893686784
873,1662,176512.66767434432
874,1234,200746.76976190592
875,1373,129574.1028654452
876,1672,107982.50315342563
877,1939,124654.15095909082
